****************************************
Minimizer is Minuit2 / Migrad
Chi2                      =      247.367
NDf                       =          112
Edm                       =  3.15965e-08
NCalls                    =          574
Norm                      =      69258.9   +/-   466.912     
Mean                      =      91.0725   +/-   0.00950109  
Sigma                     =      1.62366   +/-   0.0165236   
AlphaL                    =      1.06778   +/-   0.0187567   
nL                        =     0.938663   +/-   0.0710977   
AlphaR                    =      1.41905   +/-   0.0165594   
nR                        =     0.484298   +/-   0.0321116   
offset                    =      4601.78   +/-   359.791     
